sure = [0, 8, 9, 10, 11, 12, 13, 14, 15, 16, 17, 18, 19,
20, 21, 22, 23, 24, 25, 26, 27, 28, 29, 30, 31, 32, 33, 34, 35, 36,
37, 38, 39, 40, 41, 42, 43, 44, 45, 46, 47, 48, 49, 50, 51, 52,
53, 54, 55, 56(2022), 57, 58, 59, 60, 61, 62, 63, 64, 65,
66, 67, 68, 69, 70, 71, 78(2021), 80, 81, 82, 83, 84, 85, 86,
87(2022), 88, 89, 90, 91(2022), 92(2022), 93(2021), 94(2021), 95(2022),
96(2022)]


maybe = [2, 3, 4, 5, 6, 7, 72, 73, 74, 75, 76, 77, 79(2024), 98(2024)]

number (date) means the sensors is nz only from date:
lowers the support too much


tradeoff spatial vs temporal data:
83 without dropping the (date) in sure
74 if I drop them